200个数据，E的均值为0.63944714，方差为0.00053282464773
0.630303
0.66383
0.654088
0.636076
0.623457
0.648649
0.668774
0.624788
0.644776
0.639175
0.648204
0.658768
0.604235
0.619128
0.651466
0.655226
0.661932
0.637306
0.625179
0.65123
0.622222
0.602251
0.655853
0.624799
0.605357
0.643678
0.70654
0.675272
0.652687
0.66805
0.629513
0.647059
0.619318
0.61563
0.673684
0.602612
0.595941
0.660294
0.66482
0.65512
0.634921
0.609555
0.648204
0.666667
0.594444
0.636528
0.645833
0.659123
0.671329
0.610759
0.648062
0.646204
0.644537
0.612174
0.623675
0.640625
0.660578
0.66482
0.623729
0.666667
0.609449
0.616279
0.639017
0.625887
0.629513
0.6656
0.583501
0.636364
0.625
0.642089
0.602862
0.63593
0.633491
0.636364
0.655068
0.644138
0.563786
0.642289
0.643963
0.676017
0.630137
0.654971
0.617133
0.636076
0.647761
0.661905
0.628012
0.648298
0.640127
0.605027
0.620955
0.630293
0.652661
0.643519
0.656934
0.672673
0.628186
0.625723
0.576779
0.591944
0.619583
0.645429
0.689008
0.657224
0.632375
0.62439
0.623729
0.631751
0.642857
0.646512
0.649596
0.591463
0.652568
0.626016
0.663338
0.612022
0.616415
0.661765
0.605578
0.66482
0.616987
0.615385
0.642968
0.650602
0.690506
0.630719
0.661451
0.636086
0.652568
0.643963
0.620573
0.653555
0.666667
0.639296
0.636508
0.650725
0.661912
0.637615
0.599606
0.669713
0.66129
0.63522
0.617647
0.643646
0.590291
0.668401
0.658311
0.628705
0.647516
0.644961
0.633888
0.626563
0.635258
0.605919
0.654008
0.640118
0.653533
0.644286
0.667697
0.600337
0.656061
0.61563
0.629149
0.622977
0.659836
0.638535
0.669916
0.642638
0.654631
0.648122
0.62439
0.626357
0.657534
0.64624
0.679379
0.657729
0.632075
0.633333
0.677675
0.681265
0.670391
0.641975
0.607204
0.640599
0.61809
0.661157
0.66766
0.593002
0.653061
0.637615
0.654402
0.65
0.623946
0.669903
0.621441
0.671491
0.619583
0.605491
0.652235
0.633826
